paperID,proceedingID,edition,venue,year,month,day
21001,50001,2,City ###,2015,6,16
21002,50002,18,City ###,2011,5,11
21003,50003,14,City ###,2011,8,23
21004,50004,18,City ###,2021,1,27
21005,50005,21,City ###,2010,2,27
21006,50006,21,City ###,2016,3,17
21007,50007,18,City ###,2017,10,20
21008,50008,19,City ###,2017,1,12
21009,50009,11,City ###,2018,12,9
21010,50010,19,City ###,2020,5,31
21011,50011,10,City ###,2011,1,19
21012,50012,21,City ###,2013,3,3
21013,50013,1,City ###,2013,7,17
21014,50014,3,City ###,2014,1,19
21015,50015,9,City ###,2010,3,2
21016,50016,14,City ###,2017,9,6
21017,50017,3,City ###,2014,7,4
21018,50018,20,City ###,2019,7,30
21019,50019,5,City ###,2014,7,12
21020,50020,14,City ###,2016,10,9
21021,50021,14,City ###,2017,3,15
21022,50022,2,City ###,2013,12,25
21023,50023,4,City ###,2012,4,12
21024,50024,13,City ###,2017,3,7
21025,50025,10,City ###,2015,2,22
21026,50001,3,City ###,2020,7,16
21027,50002,12,City ###,2016,8,11
21028,50003,3,City ###,2012,7,28
21029,50004,9,City ###,2014,6,18
21030,50005,17,City ###,2012,8,8
21031,50006,6,City ###,2011,6,22
21032,50007,4,City ###,2020,4,23
21033,50008,6,City ###,2019,6,3
21034,50009,12,City ###,2013,1,31
21035,50010,11,City ###,2017,10,11
21036,50011,15,City ###,2015,6,29
21037,50012,20,City ###,2016,4,27
21038,50013,19,City ###,2013,3,16
21039,50014,11,City ###,2015,3,16
21040,50015,6,City ###,2013,5,6
21041,50016,9,City ###,2012,7,9
21042,50017,19,City ###,2013,4,23
21043,50018,21,City ###,2015,6,27
21044,50019,18,City ###,2020,7,3
21045,50020,17,City ###,2011,2,24
21046,50021,21,City ###,2011,4,20
21047,50022,4,City ###,2011,7,16
21048,50023,5,City ###,2013,11,30
21049,50024,14,City ###,2013,7,12
21050,50025,17,City ###,2018,5,30
21051,50001,13,City ###,2019,3,30
21052,50002,13,City ###,2017,4,12
21053,50003,1,City ###,2017,3,25
21054,50004,12,City ###,2010,2,15
21055,50005,15,City ###,2018,6,26
21056,50006,4,City ###,2016,1,1
21057,50007,3,City ###,2020,4,17
21058,50008,9,City ###,2011,11,30
21059,50009,15,City ###,2018,3,30
21060,50010,1,City ###,2010,12,6
21061,50011,8,City ###,2013,10,8
21062,50012,11,City ###,2015,8,23
21063,50013,16,City ###,2020,8,5
21064,50014,14,City ###,2016,11,22
21065,50015,9,City ###,2019,12,13
21066,50016,1,City ###,2010,6,4
21067,50017,6,City ###,2015,10,13
21068,50018,16,City ###,2019,7,20
21069,50019,5,City ###,2021,7,6
21070,50020,11,City ###,2010,2,7
21071,50021,5,City ###,2016,3,13
21072,50022,12,City ###,2019,7,10
21073,50023,4,City ###,2015,5,18
21074,50024,6,City ###,2020,8,29
21075,50025,19,City ###,2020,10,28
21076,50001,1,City ###,2018,12,11
21077,50002,15,City ###,2018,7,30
21078,50003,14,City ###,2017,12,6
21079,50004,7,City ###,2018,10,28
21080,50005,3,City ###,2013,7,22
21081,50006,10,City ###,2020,1,12
21082,50007,19,City ###,2010,6,30
21083,50008,8,City ###,2011,7,22
21084,50009,16,City ###,2017,9,1
21085,50010,12,City ###,2012,2,13
21086,50011,18,City ###,2010,3,28
21087,50012,1,City ###,2017,11,4
21088,50013,19,City ###,2018,6,1
21089,50014,21,City ###,2019,12,24
21090,50015,21,City ###,2014,10,10
21091,50016,6,City ###,2012,7,7
21092,50017,10,City ###,2019,3,12
21093,50018,4,City ###,2010,11,2
21094,50019,16,City ###,2011,6,7
21095,50020,3,City ###,2020,10,6
21096,50021,19,City ###,2013,9,12
21097,50022,11,City ###,2015,7,18
21098,50023,15,City ###,2012,2,23
21099,50024,9,City ###,2017,10,28
21100,50025,14,City ###,2013,1,22
21101,50001,18,City ###,2012,7,12
21102,50002,17,City ###,2021,9,5
21103,50003,5,City ###,2020,8,27
21104,50004,13,City ###,2011,6,8
21105,50005,11,City ###,2010,12,21
21106,50006,5,City ###,2018,1,24
21107,50007,12,City ###,2013,4,23
21108,50008,8,City ###,2012,5,24
21109,50009,9,City ###,2014,11,2
21110,50010,19,City ###,2020,11,20
21111,50011,15,City ###,2012,9,9
21112,50012,6,City ###,2019,8,30
21113,50013,18,City ###,2010,2,27
21114,50014,4,City ###,2018,3,18
21115,50015,6,City ###,2019,2,11
21116,50016,15,City ###,2020,1,15
21117,50017,1,City ###,2013,1,20
21118,50018,9,City ###,2015,12,15
21119,50019,11,City ###,2015,8,5
21120,50020,8,City ###,2021,6,27
21121,50021,11,City ###,2019,11,20
21122,50022,3,City ###,2015,12,15
21123,50023,16,City ###,2020,8,18
21124,50024,12,City ###,2010,4,8
21125,50025,2,City ###,2020,12,26
21126,50001,20,City ###,2015,7,10
21127,50002,3,City ###,2019,2,14
21128,50003,9,City ###,2014,4,12
21129,50004,5,City ###,2021,2,15
21130,50005,19,City ###,2021,10,13
21131,50006,14,City ###,2021,7,24
21132,50007,13,City ###,2010,6,6
21133,50008,15,City ###,2010,1,27
21134,50009,18,City ###,2010,4,3
21135,50010,2,City ###,2013,6,9
21136,50011,2,City ###,2018,2,10
21137,50012,12,City ###,2012,8,5
21138,50013,1,City ###,2010,1,19
21139,50014,15,City ###,2013,9,25
21140,50015,17,City ###,2015,9,22
21141,50016,5,City ###,2018,9,6
21142,50017,14,City ###,2019,12,9
21143,50018,13,City ###,2015,5,10
21144,50019,9,City ###,2016,5,9
21145,50020,7,City ###,2010,12,1
21146,50021,7,City ###,2010,6,18
21147,50022,5,City ###,2010,8,4
21148,50023,12,City ###,2016,5,11
21149,50024,11,City ###,2014,5,4
21150,50025,14,City ###,2010,2,14
21151,50001,3,City ###,2018,3,11
21152,50002,17,City ###,2016,4,10
21153,50003,15,City ###,2010,12,28
21154,50004,12,City ###,2021,7,23
21155,50005,20,City ###,2020,9,23
21156,50006,15,City ###,2020,8,22
21157,50007,1,City ###,2019,4,6
21158,50008,6,City ###,2015,5,21
21159,50009,9,City ###,2017,5,12
21160,50010,18,City ###,2013,7,18
21161,50011,2,City ###,2018,5,11
21162,50012,1,City ###,2019,11,6
21163,50013,18,City ###,2012,12,17
21164,50014,18,City ###,2020,1,14
21165,50015,6,City ###,2021,1,30
21166,50016,10,City ###,2019,5,29
21167,50017,20,City ###,2011,2,31
21168,50018,2,City ###,2015,4,21
21169,50019,5,City ###,2019,11,14
21170,50020,13,City ###,2014,12,16
21171,50021,19,City ###,2018,3,19
21172,50022,15,City ###,2010,11,29
21173,50023,6,City ###,2015,1,27
21174,50024,6,City ###,2014,10,11
21175,50025,6,City ###,2018,2,28
21176,50001,15,City ###,2014,12,16
21177,50002,1,City ###,2021,1,21
21178,50003,17,City ###,2019,6,17
21179,50004,7,City ###,2012,3,11
21180,50005,19,City ###,2012,2,26
21181,50006,1,City ###,2013,5,7
21182,50007,18,City ###,2017,12,8
21183,50008,12,City ###,2011,12,8
21184,50009,8,City ###,2017,7,25
21185,50010,15,City ###,2012,3,17
21186,50011,4,City ###,2020,11,30
21187,50012,4,City ###,2015,9,17
21188,50013,13,City ###,2015,2,27
21189,50014,8,City ###,2011,5,9
21190,50015,5,City ###,2019,12,14
21191,50016,11,City ###,2017,6,21
21192,50017,6,City ###,2015,11,15
21193,50018,2,City ###,2010,3,20
21194,50019,18,City ###,2016,11,11
21195,50020,11,City ###,2015,4,6
21196,50021,15,City ###,2015,2,31
21197,50022,21,City ###,2013,8,9
21198,50023,10,City ###,2010,2,30
21199,50024,1,City ###,2011,4,21
21200,50025,17,City ###,2013,8,3
21201,50001,1,City ###,2017,11,30
21202,50002,5,City ###,2015,10,26
21203,50003,9,City ###,2018,2,10
21204,50004,12,City ###,2015,4,16
21205,50005,15,City ###,2011,9,24
21206,50006,18,City ###,2020,5,16
21207,50007,12,City ###,2017,12,19
21208,50008,3,City ###,2010,6,27
21209,50009,13,City ###,2020,4,7
21210,50010,18,City ###,2019,4,7
21211,50011,8,City ###,2018,3,18
21212,50012,11,City ###,2011,5,16
21213,50013,5,City ###,2011,9,11
21214,50014,6,City ###,2019,12,14
21215,50015,8,City ###,2012,1,3
21216,50016,10,City ###,2019,6,13
21217,50017,8,City ###,2014,1,1
21218,50018,1,City ###,2019,1,27
21219,50019,20,City ###,2018,7,20
21220,50020,3,City ###,2012,2,9
21221,50021,19,City ###,2011,8,22
21222,50022,19,City ###,2017,1,25
21223,50023,4,City ###,2013,5,9
21224,50024,2,City ###,2016,1,13
21225,50025,5,City ###,2017,11,5
21226,50001,3,City ###,2018,11,30
21227,50002,2,City ###,2019,6,20
21228,50003,14,City ###,2011,2,3
21229,50004,5,City ###,2013,2,11
21230,50005,7,City ###,2015,11,10
21231,50006,5,City ###,2017,3,5
21232,50007,20,City ###,2015,10,2
21233,50008,3,City ###,2014,4,20
21234,50009,16,City ###,2016,7,24
21235,50010,14,City ###,2017,3,12
21236,50011,7,City ###,2012,8,18
21237,50012,9,City ###,2020,11,11
21238,50013,2,City ###,2013,3,17
21239,50014,12,City ###,2014,9,13
21240,50015,17,City ###,2018,10,13
21241,50016,9,City ###,2012,7,2
21242,50017,15,City ###,2016,9,23
21243,50018,6,City ###,2019,10,28
21244,50019,3,City ###,2012,11,9
21245,50020,9,City ###,2016,8,28
21246,50021,17,City ###,2019,5,20
21247,50022,2,City ###,2021,7,18
21248,50023,17,City ###,2015,5,19
21249,50024,20,City ###,2020,4,31
21250,50025,21,City ###,2010,1,7
21251,50001,1,City ###,2014,12,4
21252,50002,14,City ###,2014,6,3
21253,50003,9,City ###,2017,9,24
21254,50004,11,City ###,2018,12,19
21255,50005,15,City ###,2020,12,12
21256,50006,11,City ###,2019,4,7
21257,50007,19,City ###,2021,8,21
21258,50008,20,City ###,2019,1,14
21259,50009,11,City ###,2016,4,13
21260,50010,12,City ###,2015,8,12
21261,50011,9,City ###,2017,9,24
21262,50012,5,City ###,2021,8,25
21263,50013,11,City ###,2019,6,11
21264,50014,2,City ###,2019,3,28
21265,50015,17,City ###,2020,10,17
21266,50016,20,City ###,2019,1,21
21267,50017,7,City ###,2020,2,3
21268,50018,14,City ###,2014,5,26
21269,50019,1,City ###,2019,10,21
21270,50020,17,City ###,2017,4,13
21271,50021,3,City ###,2011,2,8
21272,50022,5,City ###,2016,6,4
21273,50023,14,City ###,2017,10,23
21274,50024,18,City ###,2010,5,17
21275,50025,4,City ###,2020,6,13
21276,50001,3,City ###,2019,9,3
21277,50002,18,City ###,2020,4,4
21278,50003,10,City ###,2016,8,29
21279,50004,2,City ###,2020,4,5
21280,50005,16,City ###,2011,1,22
21281,50006,5,City ###,2019,12,8
21282,50007,13,City ###,2010,2,17
21283,50008,12,City ###,2018,5,24
21284,50009,5,City ###,2018,7,14
21285,50010,4,City ###,2021,2,11
21286,50011,8,City ###,2012,8,22
21287,50012,13,City ###,2016,7,28
21288,50013,9,City ###,2010,7,15
21289,50014,19,City ###,2010,7,29
21290,50015,17,City ###,2019,6,13
21291,50016,6,City ###,2020,2,3
21292,50017,14,City ###,2020,10,17
21293,50018,18,City ###,2013,4,4
21294,50019,11,City ###,2014,6,19
21295,50020,6,City ###,2012,11,15
21296,50021,6,City ###,2018,5,15
21297,50022,19,City ###,2012,10,20
21298,50023,3,City ###,2012,3,18
21299,50024,16,City ###,2018,4,17
21300,50025,9,City ###,2015,9,25
21301,50001,2,City ###,2021,5,13
21302,50002,19,City ###,2017,7,13
21303,50003,8,City ###,2013,9,26
21304,50004,3,City ###,2014,4,26
21305,50005,18,City ###,2014,4,12
21306,50006,6,City ###,2016,2,20
21307,50007,12,City ###,2020,2,9
21308,50008,1,City ###,2012,1,6
21309,50009,21,City ###,2020,6,23
21310,50010,14,City ###,2021,10,20
21311,50011,9,City ###,2017,12,13
21312,50012,12,City ###,2017,9,28
21313,50013,11,City ###,2012,7,5
21314,50014,7,City ###,2010,12,19
21315,50015,9,City ###,2016,10,28
21316,50016,3,City ###,2014,1,13
21317,50017,17,City ###,2021,6,28
21318,50018,15,City ###,2016,11,22
21319,50019,3,City ###,2016,5,4
21320,50020,16,City ###,2011,7,23
21321,50021,5,City ###,2020,6,26
21322,50022,14,City ###,2017,10,31
21323,50023,19,City ###,2013,12,23
21324,50024,12,City ###,2013,1,16
21325,50025,6,City ###,2010,6,18
21326,50001,14,City ###,2021,7,8
21327,50002,7,City ###,2013,8,4
21328,50003,10,City ###,2020,10,20
21329,50004,4,City ###,2016,3,18
21330,50005,17,City ###,2018,3,12
21331,50006,3,City ###,2012,2,16
21332,50007,9,City ###,2014,11,17
21333,50008,4,City ###,2013,4,19
21334,50009,4,City ###,2019,4,31
21335,50010,18,City ###,2012,6,22
21336,50011,21,City ###,2018,3,23
21337,50012,11,City ###,2016,2,5
21338,50013,20,City ###,2014,1,28
21339,50014,12,City ###,2016,9,19
21340,50015,11,City ###,2012,2,9
21341,50016,2,City ###,2011,7,21
21342,50017,18,City ###,2013,12,24
21343,50018,18,City ###,2011,7,14
21344,50019,19,City ###,2012,7,10
21345,50020,1,City ###,2014,6,16
21346,50021,15,City ###,2020,4,8
21347,50022,17,City ###,2016,8,2
21348,50023,10,City ###,2014,4,20
21349,50024,13,City ###,2015,6,7
21350,50025,2,City ###,2011,12,30
21351,50001,7,City ###,2020,11,2
21352,50002,9,City ###,2011,10,29
21353,50003,21,City ###,2018,12,24
21354,50004,13,City ###,2019,7,3
21355,50005,3,City ###,2019,9,29
21356,50006,20,City ###,2015,9,24
21357,50007,19,City ###,2019,5,18
21358,50008,8,City ###,2019,3,19
21359,50009,10,City ###,2018,8,6
21360,50010,8,City ###,2012,4,20
21361,50011,4,City ###,2018,2,23
21362,50012,6,City ###,2020,5,23
21363,50013,5,City ###,2020,2,16
21364,50014,15,City ###,2010,10,14
21365,50015,6,City ###,2018,11,7
21366,50016,15,City ###,2020,7,8
21367,50017,1,City ###,2013,1,26
21368,50018,3,City ###,2015,2,23
21369,50019,18,City ###,2010,7,16
21370,50020,14,City ###,2018,3,13
21371,50021,5,City ###,2016,8,13
21372,50022,2,City ###,2021,6,21
21373,50023,8,City ###,2016,6,30
21374,50024,11,City ###,2018,12,18
21375,50025,11,City ###,2018,2,30
21376,50001,18,City ###,2013,10,8
21377,50002,3,City ###,2014,6,26
21378,50003,15,City ###,2013,6,15
21379,50004,5,City ###,2012,4,28
21380,50005,1,City ###,2010,1,30
21381,50006,12,City ###,2010,1,23
21382,50007,9,City ###,2018,4,6
21383,50008,8,City ###,2017,10,5
21384,50009,13,City ###,2017,5,14
21385,50010,21,City ###,2014,8,19
21386,50011,20,City ###,2019,2,30
21387,50012,10,City ###,2021,9,18
21388,50013,19,City ###,2013,1,28
21389,50014,7,City ###,2016,7,24
21390,50015,1,City ###,2019,2,2
21391,50016,20,City ###,2017,12,5
21392,50017,16,City ###,2017,1,23
21393,50018,13,City ###,2015,12,19
21394,50019,10,City ###,2018,7,23
21395,50020,3,City ###,2019,4,11
21396,50021,15,City ###,2016,8,3
21397,50022,18,City ###,2012,12,15
21398,50023,17,City ###,2012,3,25
21399,50024,20,City ###,2012,4,27
21400,50025,10,City ###,2015,10,20
21401,50001,11,City ###,2014,8,21
21402,50002,6,City ###,2016,6,5
21403,50003,10,City ###,2014,11,17
21404,50004,17,City ###,2010,9,22
21405,50005,4,City ###,2016,11,2
21406,50006,14,City ###,2021,10,27
21407,50007,9,City ###,2016,10,8
21408,50008,8,City ###,2010,9,24
21409,50009,12,City ###,2016,12,14
21410,50010,2,City ###,2010,7,6
21411,50011,15,City ###,2021,3,28
21412,50012,18,City ###,2017,2,16
21413,50013,11,City ###,2016,12,29
21414,50014,9,City ###,2021,7,6
21415,50015,12,City ###,2013,1,31
21416,50016,10,City ###,2010,12,16
21417,50017,10,City ###,2015,2,6
21418,50018,3,City ###,2020,10,25
21419,50019,11,City ###,2013,2,25
21420,50020,6,City ###,2018,12,5
21421,50021,16,City ###,2012,11,15
21422,50022,13,City ###,2011,1,25
21423,50023,13,City ###,2021,10,27
21424,50024,12,City ###,2013,10,3
21425,50025,1,City ###,2012,6,17
21426,50001,14,City ###,2018,3,30
21427,50002,15,City ###,2016,6,1
21428,50003,21,City ###,2021,7,23
21429,50004,8,City ###,2010,5,6
21430,50005,1,City ###,2010,12,2
21431,50006,1,City ###,2019,3,1
21432,50007,1,City ###,2014,3,20
21433,50008,2,City ###,2019,12,2
21434,50009,3,City ###,2010,2,18
21435,50010,11,City ###,2013,5,15
21436,50011,16,City ###,2010,12,22
21437,50012,19,City ###,2016,1,28
21438,50013,20,City ###,2017,10,10
21439,50014,18,City ###,2019,2,29
21440,50015,8,City ###,2011,6,1
21441,50016,3,City ###,2013,12,13
21442,50017,12,City ###,2011,3,29
21443,50018,18,City ###,2021,10,9
21444,50019,18,City ###,2010,2,26
21445,50020,14,City ###,2017,10,31
21446,50021,12,City ###,2010,12,3
21447,50022,9,City ###,2016,3,1
21448,50023,9,City ###,2011,12,25
21449,50024,13,City ###,2017,10,10
21450,50025,18,City ###,2020,11,5
21451,50001,19,City ###,2014,12,30
21452,50002,14,City ###,2021,7,23
21453,50003,12,City ###,2010,12,31
21454,50004,2,City ###,2010,1,12
21455,50005,13,City ###,2018,4,10
21456,50006,8,City ###,2015,5,6
21457,50007,11,City ###,2014,5,8
21458,50008,19,City ###,2020,6,19
21459,50009,9,City ###,2012,8,11
21460,50010,3,City ###,2013,2,10
21461,50011,16,City ###,2019,6,17
21462,50012,21,City ###,2017,7,21
21463,50013,21,City ###,2012,8,9
21464,50014,3,City ###,2014,2,31
21465,50015,3,City ###,2012,8,2
21466,50016,12,City ###,2018,7,25
21467,50017,8,City ###,2012,6,8
21468,50018,18,City ###,2021,11,28
21469,50019,5,City ###,2013,1,10
21470,50020,2,City ###,2021,11,12
21471,50021,14,City ###,2017,9,10
21472,50022,12,City ###,2012,7,31
21473,50023,21,City ###,2016,1,31
21474,50024,7,City ###,2013,3,13
21475,50025,5,City ###,2013,6,6
21476,50001,14,City ###,2014,2,30
21477,50002,6,City ###,2011,5,20
21478,50003,5,City ###,2016,10,13
21479,50004,20,City ###,2019,4,27
21480,50005,13,City ###,2011,3,25
21481,50006,9,City ###,2019,5,20
21482,50007,3,City ###,2010,8,1
21483,50008,5,City ###,2021,9,14
21484,50009,13,City ###,2014,1,17
21485,50010,5,City ###,2014,1,1
21486,50011,3,City ###,2018,8,28
21487,50012,20,City ###,2017,8,24
21488,50013,13,City ###,2014,10,27
21489,50014,7,City ###,2015,11,8
21490,50015,19,City ###,2020,4,2
21491,50016,7,City ###,2010,5,11
21492,50017,9,City ###,2010,9,18
21493,50018,3,City ###,2020,4,31
21494,50019,2,City ###,2017,4,8
21495,50020,1,City ###,2019,3,7
21496,50021,18,City ###,2012,12,8
21497,50022,12,City ###,2016,4,1
21498,50023,9,City ###,2016,1,23
21499,50024,5,City ###,2011,4,22
21500,50025,1,City ###,2014,10,27
21501,50001,20,City ###,2019,6,12
21502,50002,17,City ###,2018,3,21
21503,50003,3,City ###,2021,2,5
21504,50004,8,City ###,2017,11,15
21505,50005,15,City ###,2015,7,13
21506,50006,16,City ###,2015,3,4
21507,50007,9,City ###,2017,7,30
21508,50008,15,City ###,2016,6,4
21509,50009,9,City ###,2020,11,7
21510,50010,7,City ###,2012,2,9
21511,50011,8,City ###,2012,2,12
21512,50012,6,City ###,2017,11,10
21513,50013,14,City ###,2021,12,1
21514,50014,3,City ###,2016,12,6
21515,50015,1,City ###,2016,1,12
21516,50016,10,City ###,2015,1,18
21517,50017,13,City ###,2015,6,20
21518,50018,18,City ###,2017,7,10
21519,50019,21,City ###,2017,12,24
21520,50020,1,City ###,2014,2,31
21521,50021,13,City ###,2017,3,18
21522,50022,16,City ###,2020,8,11
21523,50023,18,City ###,2018,3,14
21524,50024,3,City ###,2018,6,18
21525,50025,21,City ###,2010,9,26
21526,50001,17,City ###,2015,4,10
21527,50002,9,City ###,2013,4,27
21528,50003,12,City ###,2013,10,16
21529,50004,16,City ###,2013,1,1
21530,50005,1,City ###,2014,7,11
21531,50006,3,City ###,2012,12,5
21532,50007,12,City ###,2013,1,12
21533,50008,2,City ###,2021,11,12
21534,50009,2,City ###,2017,7,29
21535,50010,1,City ###,2012,6,19
21536,50011,18,City ###,2012,6,11
21537,50012,20,City ###,2017,7,13
21538,50013,12,City ###,2016,5,15
21539,50014,9,City ###,2013,8,3
21540,50015,18,City ###,2016,12,31
21541,50016,6,City ###,2012,7,27
21542,50017,7,City ###,2010,8,26
21543,50018,16,City ###,2019,12,5
21544,50019,21,City ###,2017,8,2
21545,50020,18,City ###,2014,9,24
21546,50021,14,City ###,2021,5,10
21547,50022,5,City ###,2018,11,8
21548,50023,14,City ###,2016,8,23
21549,50024,11,City ###,2020,9,7
21550,50025,11,City ###,2012,4,25
21551,50001,10,City ###,2013,4,11
21552,50002,1,City ###,2010,3,28
21553,50003,18,City ###,2016,7,1
21554,50004,9,City ###,2011,2,12
21555,50005,13,City ###,2011,8,5
21556,50006,20,City ###,2010,4,23
21557,50007,2,City ###,2015,9,1
21558,50008,12,City ###,2020,7,14
21559,50009,12,City ###,2019,5,3
21560,50010,10,City ###,2016,3,23
21561,50011,11,City ###,2021,10,2
21562,50012,4,City ###,2012,8,28
21563,50013,20,City ###,2011,1,18
21564,50014,11,City ###,2016,10,27
21565,50015,6,City ###,2019,12,12
21566,50016,19,City ###,2016,9,7
21567,50017,1,City ###,2011,7,13
21568,50018,18,City ###,2020,4,24
21569,50019,3,City ###,2019,3,11
21570,50020,18,City ###,2011,5,23
21571,50021,2,City ###,2012,7,4
21572,50022,19,City ###,2019,4,14
21573,50023,21,City ###,2016,4,31
21574,50024,10,City ###,2011,9,9
21575,50025,10,City ###,2017,9,18
21576,50001,12,City ###,2014,11,15
21577,50002,8,City ###,2011,11,23
21578,50003,12,City ###,2021,3,10
21579,50004,18,City ###,2019,3,11
21580,50005,19,City ###,2016,12,4
21581,50006,1,City ###,2014,6,17
21582,50007,19,City ###,2015,4,13
21583,50008,6,City ###,2019,11,14
21584,50009,10,City ###,2020,5,29
21585,50010,11,City ###,2017,6,28
21586,50011,19,City ###,2013,12,6
21587,50012,19,City ###,2017,2,12
21588,50013,1,City ###,2018,5,9
21589,50014,8,City ###,2011,6,30
21590,50015,6,City ###,2012,12,12
21591,50016,1,City ###,2010,5,11
21592,50017,4,City ###,2014,4,12
21593,50018,6,City ###,2019,2,7
21594,50019,14,City ###,2010,3,30
21595,50020,20,City ###,2011,4,13
21596,50021,5,City ###,2016,10,25
21597,50022,14,City ###,2014,11,19
21598,50023,7,City ###,2011,10,31
21599,50024,5,City ###,2020,6,13
21600,50025,14,City ###,2021,2,10
21601,50001,8,City ###,2011,11,30
21602,50002,20,City ###,2020,10,9
21603,50003,2,City ###,2017,6,30
21604,50004,3,City ###,2013,1,30
21605,50005,6,City ###,2015,9,18
21606,50006,9,City ###,2012,5,7
21607,50007,21,City ###,2019,11,31
21608,50008,4,City ###,2011,10,26
21609,50009,12,City ###,2016,8,6
21610,50010,11,City ###,2017,12,30
21611,50011,2,City ###,2011,3,15
21612,50012,7,City ###,2019,12,12
21613,50013,13,City ###,2010,7,19
21614,50014,3,City ###,2014,6,27
21615,50015,14,City ###,2011,7,29
21616,50016,9,City ###,2012,5,30
21617,50017,16,City ###,2014,10,2
21618,50018,13,City ###,2017,4,16
21619,50019,6,City ###,2018,7,24
21620,50020,5,City ###,2021,4,5
21621,50021,9,City ###,2010,6,12
21622,50022,21,City ###,2011,4,10
21623,50023,2,City ###,2013,1,29
21624,50024,7,City ###,2015,12,13
21625,50025,1,City ###,2018,8,12
21626,50001,5,City ###,2013,8,3
21627,50002,4,City ###,2012,11,21
21628,50003,7,City ###,2018,7,20
21629,50004,7,City ###,2014,1,3
21630,50005,11,City ###,2013,9,12
21631,50006,2,City ###,2016,9,20
21632,50007,8,City ###,2018,11,30
21633,50008,15,City ###,2017,2,29
21634,50009,1,City ###,2010,1,24
21635,50010,1,City ###,2010,6,31
21636,50011,5,City ###,2015,12,16
21637,50012,14,City ###,2014,11,22
21638,50013,3,City ###,2015,7,22
21639,50014,19,City ###,2012,5,16
21640,50015,10,City ###,2019,4,23
21641,50016,8,City ###,2020,2,26
21642,50017,21,City ###,2017,12,14
21643,50018,2,City ###,2016,3,21
21644,50019,5,City ###,2020,6,31
21645,50020,7,City ###,2011,3,27
21646,50021,2,City ###,2017,4,26
21647,50022,12,City ###,2016,6,26
21648,50023,4,City ###,2013,10,10
21649,50024,11,City ###,2012,12,27
21650,50025,15,City ###,2012,11,31
21651,50001,15,City ###,2021,4,15
21652,50002,6,City ###,2012,8,30
21653,50003,9,City ###,2013,8,7
21654,50004,12,City ###,2012,6,26
21655,50005,3,City ###,2016,6,3
21656,50006,18,City ###,2021,6,5
21657,50007,1,City ###,2018,6,1
21658,50008,1,City ###,2018,12,14
21659,50009,4,City ###,2015,5,19
21660,50010,20,City ###,2017,1,5
21661,50011,9,City ###,2017,8,13
21662,50012,8,City ###,2016,7,6
21663,50013,10,City ###,2012,8,23
21664,50014,18,City ###,2020,6,11
21665,50015,2,City ###,2018,12,7
21666,50016,9,City ###,2019,12,27
21667,50017,6,City ###,2016,4,20
21668,50018,3,City ###,2014,2,27
21669,50019,19,City ###,2016,1,24
21670,50020,2,City ###,2019,4,19
21671,50021,19,City ###,2015,3,25
21672,50022,17,City ###,2016,12,24
21673,50023,10,City ###,2018,7,5
21674,50024,4,City ###,2014,1,19
21675,50025,4,City ###,2010,9,30
21676,50001,17,City ###,2010,4,8
21677,50002,2,City ###,2015,8,21
21678,50003,19,City ###,2020,4,15
21679,50004,8,City ###,2011,2,20
21680,50005,21,City ###,2016,12,23
21681,50006,20,City ###,2021,5,14
21682,50007,7,City ###,2017,1,13
21683,50008,11,City ###,2018,6,1
21684,50009,18,City ###,2012,8,2
21685,50010,11,City ###,2017,2,20
21686,50011,18,City ###,2017,2,19
21687,50012,1,City ###,2018,10,3
21688,50013,9,City ###,2017,10,16
21689,50014,17,City ###,2018,4,21
21690,50015,16,City ###,2021,2,12
21691,50016,3,City ###,2012,5,17
21692,50017,9,City ###,2019,11,13
21693,50018,9,City ###,2021,4,15
21694,50019,6,City ###,2018,4,25
21695,50020,7,City ###,2016,4,18
21696,50021,18,City ###,2020,5,30
21697,50022,21,City ###,2011,1,27
21698,50023,6,City ###,2014,2,16
21699,50024,18,City ###,2015,12,2
21700,50025,10,City ###,2011,5,21
21701,50001,19,City ###,2021,11,2
21702,50002,2,City ###,2019,11,18
21703,50003,20,City ###,2020,8,29
21704,50004,13,City ###,2021,7,6
21705,50005,15,City ###,2020,5,8
21706,50006,11,City ###,2016,10,16
21707,50007,15,City ###,2015,3,10
21708,50008,6,City ###,2020,8,23
21709,50009,13,City ###,2014,2,12
21710,50010,9,City ###,2019,3,27
21711,50011,16,City ###,2014,9,8
21712,50012,16,City ###,2011,4,8
21713,50013,21,City ###,2018,10,30
21714,50014,8,City ###,2013,11,19
21715,50015,10,City ###,2021,9,11
21716,50016,10,City ###,2014,11,18
21717,50017,7,City ###,2020,2,13
21718,50018,21,City ###,2015,6,31
21719,50019,19,City ###,2010,4,12
21720,50020,6,City ###,2018,10,7
21721,50021,10,City ###,2021,9,8
21722,50022,16,City ###,2013,3,23
21723,50023,13,City ###,2021,3,7
21724,50024,16,City ###,2018,8,6
21725,50025,2,City ###,2014,5,22
21726,50001,19,City ###,2016,2,13
21727,50002,17,City ###,2010,6,3
21728,50003,4,City ###,2012,5,15
21729,50004,2,City ###,2012,4,23
21730,50005,19,City ###,2021,8,2
21731,50006,3,City ###,2021,12,30
21732,50007,20,City ###,2012,8,19
21733,50008,12,City ###,2021,2,1
21734,50009,3,City ###,2010,1,30
21735,50010,2,City ###,2011,8,14
21736,50011,5,City ###,2020,9,17
21737,50012,17,City ###,2020,12,30
21738,50013,10,City ###,2012,12,20
21739,50014,5,City ###,2018,4,24
21740,50015,17,City ###,2014,2,15
21741,50016,6,City ###,2011,1,29
21742,50017,2,City ###,2010,8,16
21743,50018,11,City ###,2010,8,5
21744,50019,13,City ###,2020,4,20
21745,50020,18,City ###,2016,4,16
21746,50021,15,City ###,2018,5,15
21747,50022,18,City ###,2010,5,28
21748,50023,21,City ###,2020,7,19
21749,50024,8,City ###,2019,9,15
21750,50025,2,City ###,2012,4,3
21751,50001,9,City ###,2016,2,15
21752,50002,17,City ###,2021,9,2
21753,50003,12,City ###,2015,12,15
21754,50004,2,City ###,2017,8,22
21755,50005,19,City ###,2012,9,3
21756,50006,6,City ###,2010,6,21
21757,50007,1,City ###,2020,3,17
21758,50008,21,City ###,2016,8,22
21759,50009,4,City ###,2010,6,29
21760,50010,12,City ###,2019,11,13
21761,50011,21,City ###,2016,2,5
21762,50012,3,City ###,2017,3,26
21763,50013,8,City ###,2011,4,27
21764,50014,2,City ###,2020,9,3
21765,50015,2,City ###,2017,1,6
21766,50016,5,City ###,2010,3,12
21767,50017,4,City ###,2016,5,8
21768,50018,21,City ###,2014,2,25
21769,50019,19,City ###,2020,12,25
21770,50020,1,City ###,2016,5,28
21771,50021,5,City ###,2018,8,20
21772,50022,5,City ###,2011,7,30
21773,50023,14,City ###,2015,12,9
21774,50024,21,City ###,2018,11,8
21775,50025,15,City ###,2014,6,25
21776,50001,20,City ###,2015,11,23
21777,50002,21,City ###,2010,9,5
21778,50003,9,City ###,2019,9,10
21779,50004,3,City ###,2019,9,20
21780,50005,16,City ###,2014,11,16
21781,50006,1,City ###,2020,6,11
21782,50007,6,City ###,2019,10,3
21783,50008,9,City ###,2010,5,5
21784,50009,4,City ###,2017,8,21
21785,50010,20,City ###,2021,4,28
21786,50011,9,City ###,2015,5,31
21787,50012,3,City ###,2018,9,30
21788,50013,9,City ###,2017,2,8
21789,50014,9,City ###,2011,5,20
21790,50015,4,City ###,2018,8,8
21791,50016,11,City ###,2014,10,21
21792,50017,9,City ###,2020,9,15
21793,50018,8,City ###,2017,12,12
21794,50019,20,City ###,2011,11,25
21795,50020,10,City ###,2018,8,2
21796,50021,11,City ###,2010,9,14
21797,50022,6,City ###,2014,2,27
21798,50023,2,City ###,2019,2,18
21799,50024,4,City ###,2013,2,8
21800,50025,12,City ###,2020,12,19
21801,50001,20,City ###,2014,7,26
21802,50002,5,City ###,2017,6,3
21803,50003,12,City ###,2011,9,5
21804,50004,15,City ###,2015,12,22
21805,50005,16,City ###,2021,10,11
21806,50006,20,City ###,2012,4,6
21807,50007,10,City ###,2018,6,14
21808,50008,7,City ###,2015,12,29
21809,50009,3,City ###,2013,11,11
21810,50010,13,City ###,2014,7,23
21811,50011,7,City ###,2015,12,30
21812,50012,8,City ###,2017,1,23
21813,50013,11,City ###,2020,12,10
21814,50014,9,City ###,2012,10,13
21815,50015,20,City ###,2016,7,15
21816,50016,13,City ###,2015,6,24
21817,50017,3,City ###,2014,5,30
21818,50018,13,City ###,2021,10,28
21819,50019,13,City ###,2015,8,8
21820,50020,3,City ###,2014,2,5
21821,50021,10,City ###,2015,1,4
21822,50022,20,City ###,2015,2,23
21823,50023,3,City ###,2018,8,19
21824,50024,14,City ###,2017,6,6
21825,50025,18,City ###,2018,1,26
21826,50001,10,City ###,2011,7,16
21827,50002,13,City ###,2021,6,13
21828,50003,17,City ###,2012,8,12
21829,50004,21,City ###,2019,3,24
21830,50005,18,City ###,2010,12,3
21831,50006,20,City ###,2015,12,17
21832,50007,14,City ###,2011,3,24
21833,50008,21,City ###,2017,7,29
21834,50009,15,City ###,2018,12,28
21835,50010,21,City ###,2018,5,13
21836,50011,20,City ###,2010,4,29
21837,50012,16,City ###,2010,11,6
21838,50013,3,City ###,2018,7,27
21839,50014,10,City ###,2012,4,27
21840,50015,1,City ###,2010,12,26
21841,50016,3,City ###,2020,5,3
21842,50017,5,City ###,2020,10,14
21843,50018,4,City ###,2021,2,14
21844,50019,20,City ###,2013,6,11
21845,50020,13,City ###,2014,4,20
21846,50021,21,City ###,2018,1,2
21847,50022,16,City ###,2013,9,20
21848,50023,13,City ###,2011,6,7
21849,50024,20,City ###,2010,4,31
21850,50025,16,City ###,2015,10,27
21851,50001,14,City ###,2012,2,17
21852,50002,11,City ###,2016,12,11
21853,50003,7,City ###,2013,12,26
21854,50004,17,City ###,2018,8,29
21855,50005,4,City ###,2011,12,15
21856,50006,8,City ###,2019,8,4
21857,50007,1,City ###,2010,9,29
21858,50008,1,City ###,2021,2,27
21859,50009,20,City ###,2010,6,17
21860,50010,2,City ###,2019,10,13
21861,50011,17,City ###,2015,11,19
21862,50012,3,City ###,2010,5,16
21863,50013,3,City ###,2018,6,31
21864,50014,6,City ###,2018,4,17
21865,50015,19,City ###,2014,4,26
21866,50016,21,City ###,2013,12,4
21867,50017,4,City ###,2010,2,24
21868,50018,15,City ###,2010,7,21
21869,50019,4,City ###,2012,4,15
21870,50020,10,City ###,2021,8,10
21871,50021,16,City ###,2018,5,9
21872,50022,15,City ###,2013,9,16
21873,50023,13,City ###,2015,6,4
21874,50024,1,City ###,2021,7,9
21875,50025,20,City ###,2015,1,18
21876,50001,3,City ###,2016,12,16
21877,50002,21,City ###,2012,7,25
21878,50003,18,City ###,2010,3,15
21879,50004,5,City ###,2010,9,1
21880,50005,19,City ###,2017,10,11
21881,50006,2,City ###,2013,10,18
21882,50007,1,City ###,2019,1,28
21883,50008,13,City ###,2020,8,17
21884,50009,6,City ###,2015,7,21
21885,50010,11,City ###,2011,11,9
21886,50011,2,City ###,2018,9,11
21887,50012,21,City ###,2021,2,4
21888,50013,6,City ###,2021,4,14
21889,50014,2,City ###,2011,10,24
21890,50015,15,City ###,2014,8,27
21891,50016,1,City ###,2010,3,12
21892,50017,16,City ###,2010,11,2
21893,50018,1,City ###,2020,7,17
21894,50019,1,City ###,2013,4,7
21895,50020,6,City ###,2019,5,4
21896,50021,2,City ###,2013,9,20
21897,50022,7,City ###,2021,8,11
21898,50023,12,City ###,2012,7,5
21899,50024,11,City ###,2019,1,13
21900,50025,14,City ###,2011,7,11
21901,50001,6,City ###,2019,12,27
21902,50002,9,City ###,2015,11,8
21903,50003,7,City ###,2015,10,30
21904,50004,12,City ###,2014,2,2
21905,50005,14,City ###,2020,11,7
21906,50006,1,City ###,2019,8,18
21907,50007,12,City ###,2010,4,14
21908,50008,3,City ###,2014,11,25
21909,50009,18,City ###,2017,4,15
21910,50010,1,City ###,2013,10,15
21911,50011,3,City ###,2013,10,19
21912,50012,9,City ###,2012,7,9
21913,50013,20,City ###,2013,9,16
21914,50014,1,City ###,2021,4,19
21915,50015,3,City ###,2011,12,7
21916,50016,6,City ###,2016,10,13
21917,50017,1,City ###,2013,7,24
21918,50018,19,City ###,2013,4,21
21919,50019,2,City ###,2019,9,19
21920,50020,9,City ###,2015,6,8
21921,50021,7,City ###,2013,4,18
21922,50022,20,City ###,2015,5,9
21923,50023,4,City ###,2021,2,23
21924,50024,12,City ###,2019,2,14
21925,50025,3,City ###,2018,4,10
21926,50001,6,City ###,2018,5,1
21927,50002,21,City ###,2019,1,24
21928,50003,5,City ###,2015,7,17
21929,50004,5,City ###,2011,8,1
21930,50005,18,City ###,2017,3,17
21931,50006,18,City ###,2021,1,16
21932,50007,7,City ###,2019,3,7
21933,50008,1,City ###,2017,9,28
21934,50009,5,City ###,2013,9,20
21935,50010,20,City ###,2020,9,9
21936,50011,7,City ###,2019,12,9
21937,50012,19,City ###,2012,11,22
21938,50013,6,City ###,2020,6,12
21939,50014,9,City ###,2018,12,18
21940,50015,12,City ###,2010,3,30
21941,50016,10,City ###,2015,7,18
21942,50017,7,City ###,2018,4,26
21943,50018,3,City ###,2017,5,24
21944,50019,13,City ###,2010,4,19
21945,50020,18,City ###,2014,8,28
21946,50021,4,City ###,2015,2,23
21947,50022,18,City ###,2015,9,6
21948,50023,2,City ###,2021,6,21
21949,50024,7,City ###,2013,9,25
21950,50025,6,City ###,2016,3,16
21951,50001,2,City ###,2021,8,29
21952,50002,18,City ###,2020,2,13
21953,50003,6,City ###,2020,11,30
21954,50004,18,City ###,2016,8,2
21955,50005,5,City ###,2011,11,25
21956,50006,5,City ###,2018,8,25
21957,50007,4,City ###,2017,7,22
21958,50008,18,City ###,2014,1,25
21959,50009,12,City ###,2021,3,21
21960,50010,2,City ###,2015,8,21
21961,50011,7,City ###,2014,10,31
21962,50012,19,City ###,2019,10,30
21963,50013,8,City ###,2021,5,1
21964,50014,12,City ###,2015,6,25
21965,50015,16,City ###,2012,9,17
21966,50016,4,City ###,2010,10,7
21967,50017,7,City ###,2019,9,25
21968,50018,3,City ###,2015,12,22
21969,50019,3,City ###,2020,7,27
21970,50020,1,City ###,2018,9,18
21971,50021,20,City ###,2015,5,12
21972,50022,20,City ###,2018,9,8
21973,50023,7,City ###,2017,5,2
21974,50024,11,City ###,2017,4,15
21975,50025,5,City ###,2018,2,16
21976,50001,13,City ###,2010,5,19
21977,50002,13,City ###,2015,9,24
21978,50003,17,City ###,2014,3,28
21979,50004,2,City ###,2018,10,2
21980,50005,2,City ###,2013,11,28
21981,50006,5,City ###,2020,6,11
21982,50007,12,City ###,2011,11,9
21983,50008,2,City ###,2012,9,7
21984,50009,1,City ###,2021,8,19
21985,50010,10,City ###,2013,5,15
21986,50011,2,City ###,2012,1,31
21987,50012,9,City ###,2015,6,13
21988,50013,12,City ###,2012,1,7
21989,50014,17,City ###,2021,9,3
21990,50015,13,City ###,2012,7,22
21991,50016,8,City ###,2010,4,3
21992,50017,15,City ###,2011,11,5
21993,50018,18,City ###,2018,6,14
21994,50019,13,City ###,2010,1,19
21995,50020,21,City ###,2017,7,18
21996,50021,21,City ###,2016,5,10
21997,50022,6,City ###,2011,8,10
21998,50023,16,City ###,2017,7,7
21999,50024,9,City ###,2016,11,28
22000,50025,20,City ###,2015,3,16
